396 168
000000000000000000000000000000000000000000000000000000000000000000000000000000000000000000000000000000000000000000000000000000000000000000000000000000000000000000000000
011111100000011111111111111111111110011111111111111111111110011111111111111111111110011111100000011111111111111111111110011111111111111111111110011111111111111111111110
011111110000011111111111111111111110011111111111111111111110011111111111111111111110011111110000011111111111111111111110011111111111111111111110011111111111111111111110
011100111000011111111000000001111110011111111111111111111110011111111111111111111110011100111000011111111000000001111110011111111111111111111110011111111111111111111110
011100011100011111111000000001111110011111111111111111111110011111111111111111111110011100011100011111111000000001111110011111111111111111111110011111111111111111111110
011100001110011111111000000001111110011111000011100001111110011111000000000000011110011100001110011111111000000001111110011111000011100001111110011111000000000000011110
001110011110011111111111111111111110011110000000000000111110011111000011111111111110001110011110011111111111111111111110011110000000000000111110011111000011111111111110
000111111110011100001111111111111110011100000000000000011110011111000000000000011110000111111110011100001111111111111110011100000000000000011110011111000000000000011110
000011111110011100001111111111111110011110000000000000111110011111000011111111111110000011111110011100001111111111111110011110000000000000111110011111000011111111111110
000001111110011100001111111111111110011111000000000001111110011111000000000000011110000001111110011100001111111111111110011111000000000001111110011111000000000000011110
000000111110011100001111100001111110011111100000000011111110011111111111111111111110000000111110011100001111100001111110011111100000000011111110011111111111111111111110
000000011110011111111111100001111110011111110000000111111110011111111110111111111110000000011110011111111111100001111110011111110000000111111110011111111110111111111110
000000000000011111111111100001111110011111111000001111111110011111111110111111111110000000000000011111111111100001111110011111111000001111111110011111111110111111111110
000000000000011111111111100001111110011111111100011111111110011111000000000000011110000000000000011111111111100001111110011111111100011111111110011111000000000000011110
000000000000011000011111100001111110011111111110111111111110011111111110111111111110000000000000011000011111100001111110011111111110111111111110011111111110111111111110
011111100000011000011111111111111110011111111111111111111110011111111110111111111110011111100000011000011111111111111110011111111111111111111110011111111110111111111110
011111111110011111111111111111111110011111111111111111111110011111111111111111111110011111111110011111111111111111111110011111111111111111111110011111111111111111111110
000000000000000000000000000000000000000000000000000000000000000000000000000000000000000000000000000000000000000000000000000000000000000000000000000000000000000000000000
000000000000000000000000000000000000000000000000000000000000000000000000000000000000000000000000000000000000000000000000000000000000000000000000000000000000000000000000
011111100000011111111111111111111110011111111111111111111110011111111111111111111110011111100000011111111111111111111110011111111111111111111110011111111111111111111110
011111110000011111111111111111111110011111111111111111111110011111111111111111111110011111110000011111111111111111111110011111111111111111111110011111111111111111111110
011100111000011111111000000001111110011111111111111111111110011111111111111111111110011100111000011111111000000001111110011111111111111111111110011111111111111111111110
011100011100011111111000000001111110011111111111111111111110011111111111111111111110011100011100011111111000000001111110011111111111111111111110011111111111111111111110
011100001110011111111000000001111110011111000011100001111110011111000000000000011110011100001110011111111000000001111110011111000011100001111110011111000000000000011110
001110011110011111111111111111111110011110000000000000111110011111000011111111111110001110011110011111111111111111111110011110000000000000111110011111000011111111111110
000111111110011100001111111111111110011100000000000000011110011111000000000000011110000111111110011100001111111111111110011100000000000000011110011111000000000000011110
000011111110011100001111111111111110011110000000000000111110011111000011111111111110000011111110011100001111111111111110011110000000000000111110011111000011111111111110
000001111110011100001111111111111110011111000000000001111110011111000000000000011110000001111110011100001111111111111110011111000000000001111110011111000000000000011110
000000111110011100001111100001111110011111100000000011111110011111111111111111111110000000111110011100001111100001111110011111100000000011111110011111111111111111111110
000000011110011111111111100001111110011111110000000111111110011111111110111111111110000000011110011111111111100001111110011111110000000111111110011111111110111111111110
000000000000011111111111100001111110011111111000001111111110011111111110111111111110000000000000011111111111100001111110011111111000001111111110011111111110111111111110
000000000000011111111111100001111110011111111100011111111110011111000000000000011110000000000000011111111111100001111110011111111100011111111110011111000000000000011110
000000000000011000011111100001111110011111111110111111111110011111111110111111111110000000000000011000011111100001111110011111111110111111111110011111111110111111111110
011111100000011000011111111111111110011111111111111111111110011111111110111111111110011111100000011000011111111111111110011111111111111111111110011111111110111111111110
011111111110011111111111111111111110011111111111111111111110011111111111111111111110011111111110011111111111111111111110011111111111111111111110011111111111111111111110
000000000000000000000000000000000000000000000000000000000000000000000000000000000000000000000000000000000000000000000000000000000000000000000000000000000000000000000000
000000000000000000000000000000000000000000000000000000000000000000000000000000000000000000000000000000000000000000000000000000000000000000000000000000000000000000000000
011111100000011111111111111111111110011111111111111111111110011111111111111111111110011111100000011111111111111111111110011111111111111111111110011111111111111111111110
011111110000011111111111111111111110011111111111111111111110011111111111111111111110011111110000011111111111111111111110011111111111111111111110011111111111111111111110
011100111000011111111000000001111110011111111111111111111110011111111111111111111110011100111000011111111000000001111110011111111111111111111110011111111111111111111110
011100011100011111111000000001111110011111111111111111111110011111111111111111111110011100011100011111111000000001111110011111111111111111111110011111111111111111111110
011100001110011111111000000001111110011111000011100001111110011111000000000000011110011100001110011111111000000001111110011111000011100001111110011111000000000000011110
001110011110011111111111111111111110011110000000000000111110011111000011111111111110001110011110011111111111111111111110011110000000000000111110011111000011111111111110
000111111110011100001111111111111110011100000000000000011110011111000000000000011110000111111110011100001111111111111110011100000000000000011110011111000000000000011110
000011111110011100001111111111111110011110000000000000111110011111000011111111111110000011111110011100001111111111111110011110000000000000111110011111000011111111111110
000001111110011100001111111111111110011111000000000001111110011111000000000000011110000001111110011100001111111111111110011111000000000001111110011111000000000000011110
000000111110011100001111100001111110011111100000000011111110011111111111111111111110000000111110011100001111100001111110011111100000000011111110011111111111111111111110
000000011110011111111111100001111110011111110000000111111110011111111110111111111110000000011110011111111111100001111110011111110000000111111110011111111110111111111110
000000000000011111111111100001111110011111111000001111111110011111111110111111111110000000000000011111111111100001111110011111111000001111111110011111111110111111111110
000000000000011111111111100001111110011111111100011111111110011111000000000000011110000000000000011111111111100001111110011111111100011111111110011111000000000000011110
000000000000011000011111100001111110011111111110111111111110011111111110111111111110000000000000011000011111100001111110011111111110111111111110011111111110111111111110
011111100000011000011111111111111110011111111111111111111110011111111110111111111110011111100000011000011111111111111110011111111111111111111110011111111110111111111110
011111111110011111111111111111111110011111111111111111111110011111111111111111111110011111111110011111111111111111111110011111111111111111111110011111111111111111111110
000000000000000000000000000000000000000000000000000000000000000000000000000000000000000000000000000000000000000000000000000000000000000000000000000000000000000000000000
000000000000000000000000000000000000000000000000000000000000000000000000000000000000000000000000000000000000000000000000000000000000000000000000000000000000000000000000
011111100000011111111111111111111110011111111111111111111110011111111111111111111110011111100000011111111111111111111110011111111111111111111110011111111111111111111110
011111110000011111111111111111111110011111111111111111111110011111111111111111111110011111110000011111111111111111111110011111111111111111111110011111111111111111111110
011100111000011111111000000001111110011111111111111111111110011111111111111111111110011100111000011111111000000001111110011111111111111111111110011111111111111111111110
011100011100011111111000000001111110011111111111111111111110011111111111111111111110011100011100011111111000000001111110011111111111111111111110011111111111111111111110
011100001110011111111000000001111110011111000011100001111110011111000000000000011110011100001110011111111000000001111110011111000011100001111110011111000000000000011110
001110011110011111111111111111111110011110000000000000111110011111000011111111111110001110011110011111111111111111111110011110000000000000111110011111000011111111111110
000111111110011100001111111111111110011100000000000000011110011111000000000000011110000111111110011100001111111111111110011100000000000000011110011111000000000000011110
000011111110011100001111111111111110011110000000000000111110011111000011111111111110000011111110011100001111111111111110011110000000000000111110011111000011111111111110
000001111110011100001111111111111110011111000000000001111110011111000000000000011110000001111110011100001111111111111110011111000000000001111110011111000000000000011110
000000111110011100001111100001111110011111100000000011111110011111111111111111111110000000111110011100001111100001111110011111100000000011111110011111111111111111111110
000000011110011111111111100001111110011111110000000111111110011111111110111111111110000000011110011111111111100001111110011111110000000111111110011111111110111111111110
000000000000011111111111100001111110011111111000001111111110011111111110111111111110000000000000011111111111100001111110011111111000001111111110011111111110111111111110
000000000000011111111111100001111110011111111100011111111110011111000000000000011110000000000000011111111111100001111110011111111100011111111110011111000000000000011110
000000000000011000011111100001111110011111111110111111111110011111111110111111111110000000000000011000011111100001111110011111111110111111111110011111111110111111111110
011111100000011000011111111111111110011111111111111111111110011111111110111111111110011111100000011000011111111111111110011111111111111111111110011111111110111111111110
011111111110011111111111111111111110011111111111111111111110011111111111111111111110011111111110011111111111111111111110011111111111111111111110011111111111111111111110
000000000000000000000000000000000000000000000000000000000000000000000000000000000000000000000000000000000000000000000000000000000000000000000000000000000000000000000000
000000000000000000000000000000000000000000000000000000000000000000000000000000000000000000000000000000000000000000000000000000000000000000000000000000000000000000000000
011111100000011111111111111111111110011111111111111111111110011111111111111111111110011111100000011111111111111111111110011111111111111111111110011111111111111111111110
011111110000011111111111111111111110011111111111111111111110011111111111111111111110011111110000011111111111111111111110011111111111111111111110011111111111111111111110
011100111000011111111000000001111110011111111111111111111110011111111111111111111110011100111000011111111000000001111110011111111111111111111110011111111111111111111110
011100011100011111111000000001111110011111111111111111111110011111111111111111111110011100011100011111111000000001111110011111111111111111111110011111111111111111111110
011100001110011111111000000001111110011111000011100001111110011111000000000000011110011100001110011111111000000001111110011111000011100001111110011111000000000000011110
001110011110011111111111111111111110011110000000000000111110011111000011111111111110001110011110011111111111111111111110011110000000000000111110011111000011111111111110
000111111110011100001111111111111110011100000000000000011110011111000000000000011110000111111110011100001111111111111110011100000000000000011110011111000000000000011110
000011111110011100001111111111111110011110000000000000111110011111000011111111111110000011111110011100001111111111111110011110000000000000111110011111000011111111111110
000001111110011100001111111111111110011111000000000001111110011111000000000000011110000001111110011100001111111111111110011111000000000001111110011111000000000000011110
000000111110011100001111100001111110011111100000000011111110011111111111111111111110000000111110011100001111100001111110011111100000000011111110011111111111111111111110
000000011110011111111111100001111110011111110000000111111110011111111110111111111110000000011110011111111111100001111110011111110000000111111110011111111110111111111110
000000000000011111111111100001111110011111111000001111111110011111111110111111111110000000000000011111111111100001111110011111111000001111111110011111111110111111111110
000000000000011111111111100001111110011111111100011111111110011111000000000000011110000000000000011111111111100001111110011111111100011111111110011111000000000000011110
000000000000011000011111100001111110011111111110111111111110011111111110111111111110000000000000011000011111100001111110011111111110111111111110011111111110111111111110
011111100000011000011111111111111110011111111111111111111110011111111110111111111110011111100000011000011111111111111110011111111111111111111110011111111110111111111110
011111111110011111111111111111111110011111111111111111111110011111111111111111111110011111111110011111111111111111111110011111111111111111111110011111111111111111111110
000000000000000000000000000000000000000000000000000000000000000000000000000000000000000000000000000000000000000000000000000000000000000000000000000000000000000000000000
000000000000000000000000000000000000000000000000000000000000000000000000000000000000000000000000000000000000000000000000000000000000000000000000000000000000000000000000
011111100000011111111111111111111110011111111111111111111110011111111111111111111110011111100000011111111111111111111110011111111111111111111110011111111111111111111110
011111110000011111111111111111111110011111111111111111111110011111111111111111111110011111110000011111111111111111111110011111111111111111111110011111111111111111111110
011100111000011111111000000001111110011111111111111111111110011111111111111111111110011100111000011111111000000001111110011111111111111111111110011111111111111111111110
011100011100011111111000000001111110011111111111111111111110011111111111111111111110011100011100011111111000000001111110011111111111111111111110011111111111111111111110
011100001110011111111000000001111110011111000011100001111110011111000000000000011110011100001110011111111000000001111110011111000011100001111110011111000000000000011110
001110011110011111111111111111111110011110000000000000111110011111000011111111111110001110011110011111111111111111111110011110000000000000111110011111000011111111111110
000111111110011100001111111111111110011100000000000000011110011111000000000000011110000111111110011100001111111111111110011100000000000000011110011111000000000000011110
000011111110011100001111111111111110011110000000000000111110011111000011111111111110000011111110011100001111111111111110011110000000000000111110011111000011111111111110
000001111110011100001111111111111110011111000000000001111110011111000000000000011110000001111110011100001111111111111110011111000000000001111110011111000000000000011110
000000111110011100001111100001111110011111100000000011111110011111111111111111111110000000111110011100001111100001111110011111100000000011111110011111111111111111111110
000000011110011111111111100001111110011111110000000111111110011111111110111111111110000000011110011111111111100001111110011111110000000111111110011111111110111111111110
000000000000011111111111100001111110011111111000001111111110011111111110111111111110000000000000011111111111100001111110011111111000001111111110011111111110111111111110
000000000000011111111111100001111110011111111100011111111110011111000000000000011110000000000000011111111111100001111110011111111100011111111110011111000000000000011110
000000000000011000011111100001111110011111111110111111111110011111111110111111111110000000000000011000011111100001111110011111111110111111111110011111111110111111111110
011111100000011000011111111111111110011111111111111111111110011111111110111111111110011111100000011000011111111111111110011111111111111111111110011111111110111111111110
011111111110011111111111111111111110011111111111111111111110011111111111111111111110011111111110011111111111111111111110011111111111111111111110011111111111111111111110
000000000000000000000000000000000000000000000000000000000000000000000000000000000000000000000000000000000000000000000000000000000000000000000000000000000000000000000000
000000000000000000000000000000000000000000000000000000000000000000000000000000000000000000000000000000000000000000000000000000000000000000000000000000000000000000000000
011111100000011111111111111111111110011111111111111111111110011111111111111111111110011111100000011111111111111111111110011111111111111111111110011111111111111111111110
011111110000011111111111111111111110011111111111111111111110011111111111111111111110011111110000011111111111111111111110011111111111111111111110011111111111111111111110
011100111000011111111000000001111110011111111111111111111110011111111111111111111110011100111000011111111000000001111110011111111111111111111110011111111111111111111110
011100011100011111111000000001111110011111111111111111111110011111111111111111111110011100011100011111111000000001111110011111111111111111111110011111111111111111111110
011100001110011111111000000001111110011111000011100001111110011111000000000000011110011100001110011111111000000001111110011111000011100001111110011111000000000000011110
001110011110011111111111111111111110011110000000000000111110011111000011111111111110001110011110011111111111111111111110011110000000000000111110011111000011111111111110
000111111110011100001111111111111110011100000000000000011110011111000000000000011110000111111110011100001111111111111110011100000000000000011110011111000000000000011110
000011111110011100001111111111111110011110000000000000111110011111000011111111111110000011111110011100001111111111111110011110000000000000111110011111000011111111111110
000001111110011100001111111111111110011111000000000001111110011111000000000000011110000001111110011100001111111111111110011111000000000001111110011111000000000000011110
000000111110011100001111100001111110011111100000000011111110011111111111111111111110000000111110011100001111100001111110011111100000000011111110011111111111111111111110
000000011110011111111111100001111110011111110000000111111110011111111110111111111110000000011110011111111111100001111110011111110000000111111110011111111110111111111110
000000000000011111111111100001111110011111111000001111111110011111111110111111111110000000000000011111111111100001111110011111111000001111111110011111111110111111111110
000000000000011111111111100001111110011111111100011111111110011111000000000000011110000000000000011111111111100001111110011111111100011111111110011111000000000000011110
000000000000011000011111100001111110011111111110111111111110011111111110111111111110000000000000011000011111100001111110011111111110111111111110011111111110111111111110
011111100000011000011111111111111110011111111111111111111110011111111110111111111110011111100000011000011111111111111110011111111111111111111110011111111110111111111110
011111111110011111111111111111111110011111111111111111111110011111111111111111111110011111111110011111111111111111111110011111111111111111111110011111111111111111111110
000000000000000000000000000000000000000000000000000000000000000000000000000000000000000000000000000000000000000000000000000000000000000000000000000000000000000000000000
000000000000000000000000000000000000000000000000000000000000000000000000000000000000000000000000000000000000000000000000000000000000000000000000000000000000000000000000
011111100000011111111111111111111110011111111111111111111110011111111111111111111110011111100000011111111111111111111110011111111111111111111110011111111111111111111110
011111110000011111111111111111111110011111111111111111111110011111111111111111111110011111110000011111111111111111111110011111111111111111111110011111111111111111111110
011100111000011111111000000001111110011111111111111111111110011111111111111111111110011100111000011111111000000001111110011111111111111111111110011111111111111111111110
011100011100011111111000000001111110011111111111111111111110011111111111111111111110011100011100011111111000000001111110011111111111111111111110011111111111111111111110
011100001110011111111000000001111110011111000011100001111110011111000000000000011110011100001110011111111000000001111110011111000011100001111110011111000000000000011110
001110011110011111111111111111111110011110000000000000111110011111000011111111111110001110011110011111111111111111111110011110000000000000111110011111000011111111111110
000111111110011100001111111111111110011100000000000000011110011111000000000000011110000111111110011100001111111111111110011100000000000000011110011111000000000000011110
000011111110011100001111111111111110011110000000000000111110011111000011111111111110000011111110011100001111111111111110011110000000000000111110011111000011111111111110
000001111110011100001111111111111110011111000000000001111110011111000000000000011110000001111110011100001111111111111110011111000000000001111110011111000000000000011110
000000111110011100001111100001111110011111100000000011111110011111111111111111111110000000111110011100001111100001111110011111100000000011111110011111111111111111111110
000000011110011111111111100001111110011111110000000111111110011111111110111111111110000000011110011111111111100001111110011111110000000111111110011111111110111111111110
000000000000011111111111100001111110011111111000001111111110011111111110111111111110000000000000011111111111100001111110011111111000001111111110011111111110111111111110
000000000000011111111111100001111110011111111100011111111110011111000000000000011110000000000000011111111111100001111110011111111100011111111110011111000000000000011110
000000000000011000011111100001111110011111111110111111111110011111111110111111111110000000000000011000011111100001111110011111111110111111111110011111111110111111111110
011111100000011000011111111111111110011111111111111111111110011111111110111111111110011111100000011000011111111111111110011111111111111111111110011111111110111111111110
011111111110011111111111111111111110011111111111111111111110011111111111111111111110011111111110011111111111111111111110011111111111111111111110011111111111111111111110
000000000000000000000000000000000000000000000000000000000000000000000000000000000000000000000000000000000000000000000000000000000000000000000000000000000000000000000000
000000000000000000000000000000000000000000000000000000000000000000000000000000000000000000000000000000000000000000000000000000000000000000000000000000000000000000000000
011111100000011111111111111111111110011111111111111111111110011111111111111111111110011111100000011111111111111111111110011111111111111111111110011111111111111111111110
011111110000011111111111111111111110011111111111111111111110011111111111111111111110011111110000011111111111111111111110011111111111111111111110011111111111111111111110
011100111000011111111000000001111110011111111111111111111110011111111111111111111110011100111000011111111000000001111110011111111111111111111110011111111111111111111110
011100011100011111111000000001111110011111111111111111111110011111111111111111111110011100011100011111111000000001111110011111111111111111111110011111111111111111111110
011100001110011111111000000001111110011111000011100001111110011111000000000000011110011100001110011111111000000001111110011111000011100001111110011111000000000000011110
001110011110011111111111111111111110011110000000000000111110011111000011111111111110001110011110011111111111111111111110011110000000000000111110011111000011111111111110
000111111110011100001111111111111110011100000000000000011110011111000000000000011110000111111110011100001111111111111110011100000000000000011110011111000000000000011110
000011111110011100001111111111111110011110000000000000111110011111000011111111111110000011111110011100001111111111111110011110000000000000111110011111000011111111111110
000001111110011100001111111111111110011111000000000001111110011111000000000000011110000001111110011100001111111111111110011111000000000001111110011111000000000000011110
000000111110011100001111100001111110011111100000000011111110011111111111111111111110000000111110011100001111100001111110011111100000000011111110011111111111111111111110
000000011110011111111111100001111110011111110000000111111110011111111110111111111110000000011110011111111111100001111110011111110000000111111110011111111110111111111110
000000000000011111111111100001111110011111111000001111111110011111111110111111111110000000000000011111111111100001111110011111111000001111111110011111111110111111111110
000000000000011111111111100001111110011111111100011111111110011111000000000000011110000000000000011111111111100001111110011111111100011111111110011111000000000000011110
000000000000011000011111100001111110011111111110111111111110011111111110111111111110000000000000011000011111100001111110011111111110111111111110011111111110111111111110
011111100000011000011111111111111110011111111111111111111110011111111110111111111110011111100000011000011111111111111110011111111111111111111110011111111110111111111110
011111111110011111111111111111111110011111111111111111111110011111111111111111111110011111111110011111111111111111111110011111111111111111111110011111111111111111111110
000000000000000000000000000000000000000000000000000000000000000000000000000000000000000000000000000000000000000000000000000000000000000000000000000000000000000000000000
000000000000000000000000000000000000000000000000000000000000000000000000000000000000000000000000000000000000000000000000000000000000000000000000000000000000000000000000
011111100000011111111111111111111110011111111111111111111110011111111111111111111110011111100000011111111111111111111110011111111111111111111110011111111111111111111110
011111110000011111111111111111111110011111111111111111111110011111111111111111111110011111110000011111111111111111111110011111111111111111111110011111111111111111111110
011100111000011111111000000001111110011111111111111111111110011111111111111111111110011100111000011111111000000001111110011111111111111111111110011111111111111111111110
011100011100011111111000000001111110011111111111111111111110011111111111111111111110011100011100011111111000000001111110011111111111111111111110011111111111111111111110
011100001110011111111000000001111110011111000011100001111110011111000000000000011110011100001110011111111000000001111110011111000011100001111110011111000000000000011110
001110011110011111111111111111111110011110000000000000111110011111000011111111111110001110011110011111111111111111111110011110000000000000111110011111000011111111111110
000111111110011100001111111111111110011100000000000000011110011111000000000000011110000111111110011100001111111111111110011100000000000000011110011111000000000000011110
000011111110011100001111111111111110011110000000000000111110011111000011111111111110000011111110011100001111111111111110011110000000000000111110011111000011111111111110
000001111110011100001111111111111110011111000000000001111110011111000000000000011110000001111110011100001111111111111110011111000000000001111110011111000000000000011110
000000111110011100001111100001111110011111100000000011111110011111111111111111111110000000111110011100001111100001111110011111100000000011111110011111111111111111111110
000000011110011111111111100001111110011111110000000111111110011111111110111111111110000000011110011111111111100001111110011111110000000111111110011111111110111111111110
000000000000011111111111100001111110011111111000001111111110011111111110111111111110000000000000011111111111100001111110011111111000001111111110011111111110111111111110
000000000000011111111111100001111110011111111100011111111110011111000000000000011110000000000000011111111111100001111110011111111100011111111110011111000000000000011110
000000000000011000011111100001111110011111111110111111111110011111111110111111111110000000000000011000011111100001111110011111111110111111111110011111111110111111111110
011111100000011000011111111111111110011111111111111111111110011111111110111111111110011111100000011000011111111111111110011111111111111111111110011111111110111111111110
011111111110011111111111111111111110011111111111111111111110011111111111111111111110011111111110011111111111111111111110011111111111111111111110011111111111111111111110
000000000000000000000000000000000000000000000000000000000000000000000000000000000000000000000000000000000000000000000000000000000000000000000000000000000000000000000000
000000000000000000000000000000000000000000000000000000000000000000000000000000000000000000000000000000000000000000000000000000000000000000000000000000000000000000000000
011111100000011111111111111111111110011111111111111111111110011111111111111111111110011111100000011111111111111111111110011111111111111111111110011111111111111111111110
011111110000011111111111111111111110011111111111111111111110011111111111111111111110011111110000011111111111111111111110011111111111111111111110011111111111111111111110
011100111000011111111000000001111110011111111111111111111110011111111111111111111110011100111000011111111000000001111110011111111111111111111110011111111111111111111110
011100011100011111111000000001111110011111111111111111111110011111111111111111111110011100011100011111111000000001111110011111111111111111111110011111111111111111111110
011100001110011111111000000001111110011111000011100001111110011111000000000000011110011100001110011111111000000001111110011111000011100001111110011111000000000000011110
001110011110011111111111111111111110011110000000000000111110011111000011111111111110001110011110011111111111111111111110011110000000000000111110011111000011111111111110
000111111110011100001111111111111110011100000000000000011110011111000000000000011110000111111110011100001111111111111110011100000000000000011110011111000000000000011110
000011111110011100001111111111111110011110000000000000111110011111000011111111111110000011111110011100001111111111111110011110000000000000111110011111000011111111111110
000001111110011100001111111111111110011111000000000001111110011111000000000000011110000001111110011100001111111111111110011111000000000001111110011111000000000000011110
000000111110011100001111100001111110011111100000000011111110011111111111111111111110000000111110011100001111100001111110011111100000000011111110011111111111111111111110
000000011110011111111111100001111110011111110000000111111110011111111110111111111110000000011110011111111111100001111110011111110000000111111110011111111110111111111110
000000000000011111111111100001111110011111111000001111111110011111111110111111111110000000000000011111111111100001111110011111111000001111111110011111111110111111111110
000000000000011111111111100001111110011111111100011111111110011111000000000000011110000000000000011111111111100001111110011111111100011111111110011111000000000000011110
000000000000011000011111100001111110011111111110111111111110011111111110111111111110000000000000011000011111100001111110011111111110111111111110011111111110111111111110
011111100000011000011111111111111110011111111111111111111110011111111110111111111110011111100000011000011111111111111110011111111111111111111110011111111110111111111110
011111111110011111111111111111111110011111111111111111111110011111111111111111111110011111111110011111111111111111111110011111111111111111111110011111111111111111111110
000000000000000000000000000000000000000000000000000000000000000000000000000000000000000000000000000000000000000000000000000000000000000000000000000000000000000000000000
000000000000000000000000000000000000000000000000000000000000000000000000000000000000000000000000000000000000000000000000000000000000000000000000000000000000000000000000
011111100000011111111111111111111110011111111111111111111110011111111111111111111110011111100000011111111111111111111110011111111111111111111110011111111111111111111110
011111110000011111111111111111111110011111111111111111111110011111111111111111111110011111110000011111111111111111111110011111111111111111111110011111111111111111111110
011100111000011111111000000001111110011111111111111111111110011111111111111111111110011100111000011111111000000001111110011111111111111111111110011111111111111111111110
011100011100011111111000000001111110011111111111111111111110011111111111111111111110011100011100011111111000000001111110011111111111111111111110011111111111111111111110
011100001110011111111000000001111110011111000011100001111110011111000000000000011110011100001110011111111000000001111110011111000011100001111110011111000000000000011110
001110011110011111111111111111111110011110000000000000111110011111000011111111111110001110011110011111111111111111111110011110000000000000111110011111000011111111111110
000111111110011100001111111111111110011100000000000000011110011111000000000000011110000111111110011100001111111111111110011100000000000000011110011111000000000000011110
000011111110011100001111111111111110011110000000000000111110011111000011111111111110000011111110011100001111111111111110011110000000000000111110011111000011111111111110
000001111110011100001111111111111110011111000000000001111110011111000000000000011110000001111110011100001111111111111110011111000000000001111110011111000000000000011110
000000111110011100001111100001111110011111100000000011111110011111111111111111111110000000111110011100001111100001111110011111100000000011111110011111111111111111111110
000000011110011111111111100001111110011111110000000111111110011111111110111111111110000000011110011111111111100001111110011111110000000111111110011111111110111111111110
000000000000011111111111100001111110011111111000001111111110011111111110111111111110000000000000011111111111100001111110011111111000001111111110011111111110111111111110
000000000000011111111111100001111110011111111100011111111110011111000000000000011110000000000000011111111111100001111110011111111100011111111110011111000000000000011110
000000000000011000011111100001111110011111111110111111111110011111111110111111111110000000000000011000011111100001111110011111111110111111111110011111111110111111111110
011111100000011000011111111111111110011111111111111111111110011111111110111111111110011111100000011000011111111111111110011111111111111111111110011111111110111111111110
011111111110011111111111111111111110011111111111111111111110011111111111111111111110011111111110011111111111111111111110011111111111111111111110011111111111111111111110
000000000000000000000000000000000000000000000000000000000000000000000000000000000000000000000000000000000000000000000000000000000000000000000000000000000000000000000000
000000000000000000000000000000000000000000000000000000000000000000000000000000000000000000000000000000000000000000000000000000000000000000000000000000000000000000000000
011111100000011111111111111111111110011111111111111111111110011111111111111111111110011111100000011111111111111111111110011111111111111111111110011111111111111111111110
011111110000011111111111111111111110011111111111111111111110011111111111111111111110011111110000011111111111111111111110011111111111111111111110011111111111111111111110
011100111000011111111000000001111110011111111111111111111110011111111111111111111110011100111000011111111000000001111110011111111111111111111110011111111111111111111110
011100011100011111111000000001111110011111111111111111111110011111111111111111111110011100011100011111111000000001111110011111111111111111111110011111111111111111111110
011100001110011111111000000001111110011111000011100001111110011111000000000000011110011100001110011111111000000001111110011111000011100001111110011111000000000000011110
001110011110011111111111111111111110011110000000000000111110011111000011111111111110001110011110011111111111111111111110011110000000000000111110011111000011111111111110
000111111110011100001111111111111110011100000000000000011110011111000000000000011110000111111110011100001111111111111110011100000000000000011110011111000000000000011110
000011111110011100001111111111111110011110000000000000111110011111000011111111111110000011111110011100001111111111111110011110000000000000111110011111000011111111111110
000001111110011100001111111111111110011111000000000001111110011111000000000000011110000001111110011100001111111111111110011111000000000001111110011111000000000000011110
000000111110011100001111100001111110011111100000000011111110011111111111111111111110000000111110011100001111100001111110011111100000000011111110011111111111111111111110
000000011110011111111111100001111110011111110000000111111110011111111110111111111110000000011110011111111111100001111110011111110000000111111110011111111110111111111110
000000000000011111111111100001111110011111111000001111111110011111111110111111111110000000000000011111111111100001111110011111111000001111111110011111111110111111111110
000000000000011111111111100001111110011111111100011111111110011111000000000000011110000000000000011111111111100001111110011111111100011111111110011111000000000000011110
000000000000011000011111100001111110011111111110111111111110011111111110111111111110000000000000011000011111100001111110011111111110111111111110011111111110111111111110
011111100000011000011111111111111110011111111111111111111110011111111110111111111110011111100000011000011111111111111110011111111111111111111110011111111110111111111110
011111111110011111111111111111111110011111111111111111111110011111111111111111111110011111111110011111111111111111111110011111111111111111111110011111111111111111111110
000000000000000000000000000000000000000000000000000000000000000000000000000000000000000000000000000000000000000000000000000000000000000000000000000000000000000000000000
000000000000000000000000000000000000000000000000000000000000000000000000000000000000000000000000000000000000000000000000000000000000000000000000000000000000000000000000
011111100000011111111111111111111110011111111111111111111110011111111111111111111110011111100000011111111111111111111110011111111111111111111110011111111111111111111110
011111110000011111111111111111111110011111111111111111111110011111111111111111111110011111110000011111111111111111111110011111111111111111111110011111111111111111111110
011100111000011111111000000001111110011111111111111111111110011111111111111111111110011100111000011111111000000001111110011111111111111111111110011111111111111111111110
011100011100011111111000000001111110011111111111111111111110011111111111111111111110011100011100011111111000000001111110011111111111111111111110011111111111111111111110
011100001110011111111000000001111110011111000011100001111110011111000000000000011110011100001110011111111000000001111110011111000011100001111110011111000000000000011110
001110011110011111111111111111111110011110000000000000111110011111000011111111111110001110011110011111111111111111111110011110000000000000111110011111000011111111111110
000111111110011100001111111111111110011100000000000000011110011111000000000000011110000111111110011100001111111111111110011100000000000000011110011111000000000000011110
000011111110011100001111111111111110011110000000000000111110011111000011111111111110000011111110011100001111111111111110011110000000000000111110011111000011111111111110
000001111110011100001111111111111110011111000000000001111110011111000000000000011110000001111110011100001111111111111110011111000000000001111110011111000000000000011110
000000111110011100001111100001111110011111100000000011111110011111111111111111111110000000111110011100001111100001111110011111100000000011111110011111111111111111111110
000000011110011111111111100001111110011111110000000111111110011111111110111111111110000000011110011111111111100001111110011111110000000111111110011111111110111111111110
000000000000011111111111100001111110011111111000001111111110011111111110111111111110000000000000011111111111100001111110011111111000001111111110011111111110111111111110
000000000000011111111111100001111110011111111100011111111110011111000000000000011110000000000000011111111111100001111110011111111100011111111110011111000000000000011110
000000000000011000011111100001111110011111111110111111111110011111111110111111111110000000000000011000011111100001111110011111111110111111111110011111111110111111111110
011111100000011000011111111111111110011111111111111111111110011111111110111111111110011111100000011000011111111111111110011111111111111111111110011111111110111111111110
011111111110011111111111111111111110011111111111111111111110011111111111111111111110011111111110011111111111111111111110011111111111111111111110011111111111111111111110
000000000000000000000000000000000000000000000000000000000000000000000000000000000000000000000000000000000000000000000000000000000000000000000000000000000000000000000000
000000000000000000000000000000000000000000000000000000000000000000000000000000000000000000000000000000000000000000000000000000000000000000000000000000000000000000000000
011111100000011111111111111111111110011111111111111111111110011111111111111111111110011111100000011111111111111111111110011111111111111111111110011111111111111111111110
011111110000011111111111111111111110011111111111111111111110011111111111111111111110011111110000011111111111111111111110011111111111111111111110011111111111111111111110
011100111000011111111000000001111110011111111111111111111110011111111111111111111110011100111000011111111000000001111110011111111111111111111110011111111111111111111110
011100011100011111111000000001111110011111111111111111111110011111111111111111111110011100011100011111111000000001111110011111111111111111111110011111111111111111111110
011100001110011111111000000001111110011111000011100001111110011111000000000000011110011100001110011111111000000001111110011111000011100001111110011111000000000000011110
001110011110011111111111111111111110011110000000000000111110011111000011111111111110001110011110011111111111111111111110011110000000000000111110011111000011111111111110
000111111110011100001111111111111110011100000000000000011110011111000000000000011110000111111110011100001111111111111110011100000000000000011110011111000000000000011110
000011111110011100001111111111111110011110000000000000111110011111000011111111111110000011111110011100001111111111111110011110000000000000111110011111000011111111111110
000001111110011100001111111111111110011111000000000001111110011111000000000000011110000001111110011100001111111111111110011111000000000001111110011111000000000000011110
000000111110011100001111100001111110011111100000000011111110011111111111111111111110000000111110011100001111100001111110011111100000000011111110011111111111111111111110
000000011110011111111111100001111110011111110000000111111110011111111110111111111110000000011110011111111111100001111110011111110000000111111110011111111110111111111110
000000000000011111111111100001111110011111111000001111111110011111111110111111111110000000000000011111111111100001111110011111111000001111111110011111111110111111111110
000000000000011111111111100001111110011111111100011111111110011111000000000000011110000000000000011111111111100001111110011111111100011111111110011111000000000000011110
000000000000011000011111100001111110011111111110111111111110011111111110111111111110000000000000011000011111100001111110011111111110111111111110011111111110111111111110
011111100000011000011111111111111110011111111111111111111110011111111110111111111110011111100000011000011111111111111110011111111111111111111110011111111110111111111110
011111111110011111111111111111111110011111111111111111111110011111111111111111111110011111111110011111111111111111111110011111111111111111111110011111111111111111111110
000000000000000000000000000000000000000000000000000000000000000000000000000000000000000000000000000000000000000000000000000000000000000000000000000000000000000000000000
000000000000000000000000000000000000000000000000000000000000000000000000000000000000000000000000000000000000000000000000000000000000000000000000000000000000000000000000
011111100000011111111111111111111110011111111111111111111110011111111111111111111110011111100000011111111111111111111110011111111111111111111110011111111111111111111110
011111110000011111111111111111111110011111111111111111111110011111111111111111111110011111110000011111111111111111111110011111111111111111111110011111111111111111111110
011100111000011111111000000001111110011111111111111111111110011111111111111111111110011100111000011111111000000001111110011111111111111111111110011111111111111111111110
011100011100011111111000000001111110011111111111111111111110011111111111111111111110011100011100011111111000000001111110011111111111111111111110011111111111111111111110
011100001110011111111000000001111110011111000011100001111110011111000000000000011110011100001110011111111000000001111110011111000011100001111110011111000000000000011110
001110011110011111111111111111111110011110000000000000111110011111000011111111111110001110011110011111111111111111111110011110000000000000111110011111000011111111111110
000111111110011100001111111111111110011100000000000000011110011111000000000000011110000111111110011100001111111111111110011100000000000000011110011111000000000000011110
000011111110011100001111111111111110011110000000000000111110011111000011111111111110000011111110011100001111111111111110011110000000000000111110011111000011111111111110
000001111110011100001111111111111110011111000000000001111110011111000000000000011110000001111110011100001111111111111110011111000000000001111110011111000000000000011110
000000111110011100001111100001111110011111100000000011111110011111111111111111111110000000111110011100001111100001111110011111100000000011111110011111111111111111111110
000000011110011111111111100001111110011111110000000111111110011111111110111111111110000000011110011111111111100001111110011111110000000111111110011111111110111111111110
000000000000011111111111100001111110011111111000001111111110011111111110111111111110000000000000011111111111100001111110011111111000001111111110011111111110111111111110
000000000000011111111111100001111110011111111100011111111110011111000000000000011110000000000000011111111111100001111110011111111100011111111110011111000000000000011110
000000000000011000011111100001111110011111111110111111111110011111111110111111111110000000000000011000011111100001111110011111111110111111111110011111111110111111111110
011111100000011000011111111111111110011111111111111111111110011111111110111111111110011111100000011000011111111111111110011111111111111111111110011111111110111111111110
011111111110011111111111111111111110011111111111111111111110011111111111111111111110011111111110011111111111111111111110011111111111111111111110011111111111111111111110
000000000000000000000000000000000000000000000000000000000000000000000000000000000000000000000000000000000000000000000000000000000000000000000000000000000000000000000000
000000000000000000000000000000000000000000000000000000000000000000000000000000000000000000000000000000000000000000000000000000000000000000000000000000000000000000000000
011111100000011111111111111111111110011111111111111111111110011111111111111111111110011111100000011111111111111111111110011111111111111111111110011111111111111111111110
011111110000011111111111111111111110011111111111111111111110011111111111111111111110011111110000011111111111111111111110011111111111111111111110011111111111111111111110
011100111000011111111000000001111110011111111111111111111110011111111111111111111110011100111000011111111000000001111110011111111111111111111110011111111111111111111110
011100011100011111111000000001111110011111111111111111111110011111111111111111111110011100011100011111111000000001111110011111111111111111111110011111111111111111111110
011100001110011111111000000001111110011111000011100001111110011111000000000000011110011100001110011111111000000001111110011111000011100001111110011111000000000000011110
001110011110011111111111111111111110011110000000000000111110011111000011111111111110001110011110011111111111111111111110011110000000000000111110011111000011111111111110
000111111110011100001111111111111110011100000000000000011110011111000000000000011110000111111110011100001111111111111110011100000000000000011110011111000000000000011110
000011111110011100001111111111111110011110000000000000111110011111000011111111111110000011111110011100001111111111111110011110000000000000111110011111000011111111111110
000001111110011100001111111111111110011111000000000001111110011111000000000000011110000001111110011100001111111111111110011111000000000001111110011111000000000000011110
000000111110011100001111100001111110011111100000000011111110011111111111111111111110000000111110011100001111100001111110011111100000000011111110011111111111111111111110
000000011110011111111111100001111110011111110000000111111110011111111110111111111110000000011110011111111111100001111110011111110000000111111110011111111110111111111110
000000000000011111111111100001111110011111111000001111111110011111111110111111111110000000000000011111111111100001111110011111111000001111111110011111111110111111111110
000000000000011111111111100001111110011111111100011111111110011111000000000000011110000000000000011111111111100001111110011111111100011111111110011111000000000000011110
000000000000011000011111100001111110011111111110111111111110011111111110111111111110000000000000011000011111100001111110011111111110111111111110011111111110111111111110
011111100000011000011111111111111110011111111111111111111110011111111110111111111110011111100000011000011111111111111110011111111111111111111110011111111110111111111110
011111111110011111111111111111111110011111111111111111111110011111111111111111111110011111111110011111111111111111111110011111111111111111111110011111111111111111111110
000000000000000000000000000000000000000000000000000000000000000000000000000000000000000000000000000000000000000000000000000000000000000000000000000000000000000000000000
000000000000000000000000000000000000000000000000000000000000000000000000000000000000000000000000000000000000000000000000000000000000000000000000000000000000000000000000
011111100000011111111111111111111110011111111111111111111110011111111111111111111110011111100000011111111111111111111110011111111111111111111110011111111111111111111110
011111110000011111111111111111111110011111111111111111111110011111111111111111111110011111110000011111111111111111111110011111111111111111111110011111111111111111111110
011100111000011111111000000001111110011111111111111111111110011111111111111111111110011100111000011111111000000001111110011111111111111111111110011111111111111111111110
011100011100011111111000000001111110011111111111111111111110011111111111111111111110011100011100011111111000000001111110011111111111111111111110011111111111111111111110
011100001110011111111000000001111110011111000011100001111110011111000000000000011110011100001110011111111000000001111110011111000011100001111110011111000000000000011110
001110011110011111111111111111111110011110000000000000111110011111000011111111111110001110011110011111111111111111111110011110000000000000111110011111000011111111111110
000111111110011100001111111111111110011100000000000000011110011111000000000000011110000111111110011100001111111111111110011100000000000000011110011111000000000000011110
000011111110011100001111111111111110011110000000000000111110011111000011111111111110000011111110011100001111111111111110011110000000000000111110011111000011111111111110
000001111110011100001111111111111110011111000000000001111110011111000000000000011110000001111110011100001111111111111110011111000000000001111110011111000000000000011110
000000111110011100001111100001111110011111100000000011111110011111111111111111111110000000111110011100001111100001111110011111100000000011111110011111111111111111111110
000000011110011111111111100001111110011111110000000111111110011111111110111111111110000000011110011111111111100001111110011111110000000111111110011111111110111111111110
000000000000011111111111100001111110011111111000001111111110011111111110111111111110000000000000011111111111100001111110011111111000001111111110011111111110111111111110
000000000000011111111111100001111110011111111100011111111110011111000000000000011110000000000000011111111111100001111110011111111100011111111110011111000000000000011110
000000000000011000011111100001111110011111111110111111111110011111111110111111111110000000000000011000011111100001111110011111111110111111111110011111111110111111111110
011111100000011000011111111111111110011111111111111111111110011111111110111111111110011111100000011000011111111111111110011111111111111111111110011111111110111111111110
011111111110011111111111111111111110011111111111111111111110011111111111111111111110011111111110011111111111111111111110011111111111111111111110011111111111111111111110
000000000000000000000000000000000000000000000000000000000000000000000000000000000000000000000000000000000000000000000000000000000000000000000000000000000000000000000000
000000000000000000000000000000000000000000000000000000000000000000000000000000000000000000000000000000000000000000000000000000000000000000000000000000000000000000000000
011111100000011111111111111111111110011111111111111111111110011111111111111111111110011111100000011111111111111111111110011111111111111111111110011111111111111111111110
011111110000011111111111111111111110011111111111111111111110011111111111111111111110011111110000011111111111111111111110011111111111111111111110011111111111111111111110
011100111000011111111000000001111110011111111111111111111110011111111111111111111110011100111000011111111000000001111110011111111111111111111110011111111111111111111110
011100011100011111111000000001111110011111111111111111111110011111111111111111111110011100011100011111111000000001111110011111111111111111111110011111111111111111111110
011100001110011111111000000001111110011111000011100001111110011111000000000000011110011100001110011111111000000001111110011111000011100001111110011111000000000000011110
001110011110011111111111111111111110011110000000000000111110011111000011111111111110001110011110011111111111111111111110011110000000000000111110011111000011111111111110
000111111110011100001111111111111110011100000000000000011110011111000000000000011110000111111110011100001111111111111110011100000000000000011110011111000000000000011110
000011111110011100001111111111111110011110000000000000111110011111000011111111111110000011111110011100001111111111111110011110000000000000111110011111000011111111111110
000001111110011100001111111111111110011111000000000001111110011111000000000000011110000001111110011100001111111111111110011111000000000001111110011111000000000000011110
000000111110011100001111100001111110011111100000000011111110011111111111111111111110000000111110011100001111100001111110011111100000000011111110011111111111111111111110
000000011110011111111111100001111110011111110000000111111110011111111110111111111110000000011110011111111111100001111110011111110000000111111110011111111110111111111110
000000000000011111111111100001111110011111111000001111111110011111111110111111111110000000000000011111111111100001111110011111111000001111111110011111111110111111111110
000000000000011111111111100001111110011111111100011111111110011111000000000000011110000000000000011111111111100001111110011111111100011111111110011111000000000000011110
000000000000011000011111100001111110011111111110111111111110011111111110111111111110000000000000011000011111100001111110011111111110111111111110011111111110111111111110
011111100000011000011111111111111110011111111111111111111110011111111110111111111110011111100000011000011111111111111110011111111111111111111110011111111110111111111110
011111111110011111111111111111111110011111111111111111111110011111111111111111111110011111111110011111111111111111111110011111111111111111111110011111111111111111111110
000000000000000000000000000000000000000000000000000000000000000000000000000000000000000000000000000000000000000000000000000000000000000000000000000000000000000000000000
000000000000000000000000000000000000000000000000000000000000000000000000000000000000000000000000000000000000000000000000000000000000000000000000000000000000000000000000
011111100000011111111111111111111110011111111111111111111110011111111111111111111110011111100000011111111111111111111110011111111111111111111110011111111111111111111110
011111110000011111111111111111111110011111111111111111111110011111111111111111111110011111110000011111111111111111111110011111111111111111111110011111111111111111111110
011100111000011111111000000001111110011111111111111111111110011111111111111111111110011100111000011111111000000001111110011111111111111111111110011111111111111111111110
011100011100011111111000000001111110011111111111111111111110011111111111111111111110011100011100011111111000000001111110011111111111111111111110011111111111111111111110
011100001110011111111000000001111110011111000011100001111110011111000000000000011110011100001110011111111000000001111110011111000011100001111110011111000000000000011110
001110011110011111111111111111111110011110000000000000111110011111000011111111111110001110011110011111111111111111111110011110000000000000111110011111000011111111111110
000111111110011100001111111111111110011100000000000000011110011111000000000000011110000111111110011100001111111111111110011100000000000000011110011111000000000000011110
000011111110011100001111111111111110011110000000000000111110011111000011111111111110000011111110011100001111111111111110011110000000000000111110011111000011111111111110
000001111110011100001111111111111110011111000000000001111110011111000000000000011110000001111110011100001111111111111110011111000000000001111110011111000000000000011110
000000111110011100001111100001111110011111100000000011111110011111111111111111111110000000111110011100001111100001111110011111100000000011111110011111111111111111111110
000000011110011111111111100001111110011111110000000111111110011111111110111111111110000000011110011111111111100001111110011111110000000111111110011111111110111111111110
000000000000011111111111100001111110011111111000001111111110011111111110111111111110000000000000011111111111100001111110011111111000001111111110011111111110111111111110
000000000000011111111111100001111110011111111100011111111110011111000000000000011110000000000000011111111111100001111110011111111100011111111110011111000000000000011110
000000000000011000011111100001111110011111111110111111111110011111111110111111111110000000000000011000011111100001111110011111111110111111111110011111111110111111111110
011111100000011000011111111111111110011111111111111111111110011111111110111111111110011111100000011000011111111111111110011111111111111111111110011111111110111111111110
011111111110011111111111111111111110011111111111111111111110011111111111111111111110011111111110011111111111111111111110011111111111111111111110011111111111111111111110
000000000000000000000000000000000000000000000000000000000000000000000000000000000000000000000000000000000000000000000000000000000000000000000000000000000000000000000000
000000000000000000000000000000000000000000000000000000000000000000000000000000000000000000000000000000000000000000000000000000000000000000000000000000000000000000000000
011111100000011111111111111111111110011111111111111111111110011111111111111111111110011111100000011111111111111111111110011111111111111111111110011111111111111111111110
011111110000011111111111111111111110011111111111111111111110011111111111111111111110011111110000011111111111111111111110011111111111111111111110011111111111111111111110
011100111000011111111000000001111110011111111111111111111110011111111111111111111110011100111000011111111000000001111110011111111111111111111110011111111111111111111110
011100011100011111111000000001111110011111111111111111111110011111111111111111111110011100011100011111111000000001111110011111111111111111111110011111111111111111111110
011100001110011111111000000001111110011111000011100001111110011111000000000000011110011100001110011111111000000001111110011111000011100001111110011111000000000000011110
001110011110011111111111111111111110011110000000000000111110011111000011111111111110001110011110011111111111111111111110011110000000000000111110011111000011111111111110
000111111110011100001111111111111110011100000000000000011110011111000000000000011110000111111110011100001111111111111110011100000000000000011110011111000000000000011110
000011111110011100001111111111111110011110000000000000111110011111000011111111111110000011111110011100001111111111111110011110000000000000111110011111000011111111111110
000001111110011100001111111111111110011111000000000001111110011111000000000000011110000001111110011100001111111111111110011111000000000001111110011111000000000000011110
000000111110011100001111100001111110011111100000000011111110011111111111111111111110000000111110011100001111100001111110011111100000000011111110011111111111111111111110
000000011110011111111111100001111110011111110000000111111110011111111110111111111110000000011110011111111111100001111110011111110000000111111110011111111110111111111110
000000000000011111111111100001111110011111111000001111111110011111111110111111111110000000000000011111111111100001111110011111111000001111111110011111111110111111111110
000000000000011111111111100001111110011111111100011111111110011111000000000000011110000000000000011111111111100001111110011111111100011111111110011111000000000000011110
000000000000011000011111100001111110011111111110111111111110011111111110111111111110000000000000011000011111100001111110011111111110111111111110011111111110111111111110
011111100000011000011111111111111110011111111111111111111110011111111110111111111110011111100000011000011111111111111110011111111111111111111110011111111110111111111110
011111111110011111111111111111111110011111111111111111111110011111111111111111111110011111111110011111111111111111111110011111111111111111111110011111111111111111111110
000000000000000000000000000000000000000000000000000000000000000000000000000000000000000000000000000000000000000000000000000000000000000000000000000000000000000000000000
000000000000000000000000000000000000000000000000000000000000000000000000000000000000000000000000000000000000000000000000000000000000000000000000000000000000000000000000
011111100000011111111111111111111110011111111111111111111110011111111111111111111110011111100000011111111111111111111110011111111111111111111110011111111111111111111110
011111110000011111111111111111111110011111111111111111111110011111111111111111111110011111110000011111111111111111111110011111111111111111111110011111111111111111111110
011100111000011111111000000001111110011111111111111111111110011111111111111111111110011100111000011111111000000001111110011111111111111111111110011111111111111111111110
011100011100011111111000000001111110011111111111111111111110011111111111111111111110011100011100011111111000000001111110011111111111111111111110011111111111111111111110
011100001110011111111000000001111110011111000011100001111110011111000000000000011110011100001110011111111000000001111110011111000011100001111110011111000000000000011110
001110011110011111111111111111111110011110000000000000111110011111000011111111111110001110011110011111111111111111111110011110000000000000111110011111000011111111111110
000111111110011100001111111111111110011100000000000000011110011111000000000000011110000111111110011100001111111111111110011100000000000000011110011111000000000000011110
000011111110011100001111111111111110011110000000000000111110011111000011111111111110000011111110011100001111111111111110011110000000000000111110011111000011111111111110
000001111110011100001111111111111110011111000000000001111110011111000000000000011110000001111110011100001111111111111110011111000000000001111110011111000000000000011110
000000111110011100001111100001111110011111100000000011111110011111111111111111111110000000111110011100001111100001111110011111100000000011111110011111111111111111111110
000000011110011111111111100001111110011111110000000111111110011111111110111111111110000000011110011111111111100001111110011111110000000111111110011111111110111111111110
000000000000011111111111100001111110011111111000001111111110011111111110111111111110000000000000011111111111100001111110011111111000001111111110011111111110111111111110
000000000000011111111111100001111110011111111100011111111110011111000000000000011110000000000000011111111111100001111110011111111100011111111110011111000000000000011110
000000000000011000011111100001111110011111111110111111111110011111111110111111111110000000000000011000011111100001111110011111111110111111111110011111111110111111111110
011111100000011000011111111111111110011111111111111111111110011111111110111111111110011111100000011000011111111111111110011111111111111111111110011111111110111111111110
011111111110011111111111111111111110011111111111111111111110011111111111111111111110011111111110011111111111111111111110011111111111111111111110011111111111111111111110
000000000000000000000000000000000000000000000000000000000000000000000000000000000000000000000000000000000000000000000000000000000000000000000000000000000000000000000000

